-0.015088507139727210
0.127762221651172153
-0.004892293071311244
0.058815222570574137
-0.083895896900272382
0.204246803792103304
0.049075853903739017
-0.064582499082020919
0.012032361900166558
-0.036811706340798438
-0.010682094713868797
-0.031307690925291058
0.002064193672248308
-0.017672083706698392
-0.012744985887939925
0.012600763543578419
-0.000985323230678234
0.013341193714236834
-0.011734060325269226
-0.007946838044441346
-0.040397952989613545
-0.087184418529888494
0.004682796648440830
-0.022844680956811792
0.012035764888980113
-0.008744862023970941
0.003272534054333995
-0.002961552560769470
-0.030648587061258413
0.204415113486433347
-0.059913542444951819
0.035195562054098781
0.043350416414676074
-0.011258115771340053
0.008791273999303875
-0.017099877628675476
0.008233192842216257
-0.011768129634412363
-0.016126810201781756
0.123020634240139981
-0.127036426369003558
-0.024602198081338431
-0.078513300205407935
-0.057901970308182199
-0.003689478117354557
-0.009403715568208296
0.016596708680751165
-0.006155834417257441
0.023735083755470673
-0.019023072070536023
-0.054586298154665112
0.000202764066225793
-0.049132005874838840
0.013981005049827747
0.020459228803991501
-0.031774127225847014
-0.005215121406522730
-0.000523057023537499
0.031926397149033281
-0.024352598665457151
0.003713851754619990
0.023558530528246843
-0.003274623536502766
-0.001511915475966243
-0.038710330322941314
-0.083231302579730118
0.019563087354676219
-0.031071171575369400
0.004927075499979151
-0.010219940257348487
0.002377048402672931
0.020165558755340183
-0.030293364344715870
0.017098006501442341
-0.068656935697263541
0.012287433135407566
-0.067502874123483381
0.126988131058949960
0.047624493406957111
-0.028934646367950685
0.018129629626973884
0.001529796829136838
-0.004579098585321534
-0.014573207204670204
0.078692514499557331
-0.028396544011317599
-0.036982836595231681
0.011488707503396036
0.008106161057775223
-0.000644079628176573
0.018737191753397966
-0.023098878598956117
0.014443916961187882
0.023817101427360998
0.021504285297720888
0.032643237114128504
0.033650612214223781
