-0.021169125424703603
0.231578974575456009
-0.058460739952087060
0.142530522895649048
0.098121972734881463
0.252174348536596371
0.061751136552004753
-0.094079884333869282
0.036851091131828460
-0.054899596296389963
-0.043904245830891898
0.006115573073757581
0.018584848871442933
-0.036183596000752508
-0.031736077379727223
0.014517915433324596
-0.034096624593700081
0.015311188969504926
-0.015559579582148077
-0.032066159369812858
0.018536891983581334
0.021972638975876195
-0.027123236284081531
-0.022291687221431902
0.001060927519684070
-0.026381311542077547
0.000357832220587495
-0.027460794286152852
-0.034278041126010142
0.190564159200444949
-0.034714378990941069
-0.028424772172546738
0.023577381739506135
-0.017225965735991972
-0.002082316090249333
-0.041238902090844631
-0.014810633963630106
-0.045446064935033864
-0.035798629123067971
0.095562525805449702
-0.132520243784385927
-0.061918941449535102
0.080692819377463323
-0.026563338224694991
-0.002347342872519906
-0.028681185947009486
0.009320759793260953
-0.028130814574483607
0.007367440261555456
-0.033966394481393221
-0.070121994957004247
-0.012269531307054696
-0.046836296022430536
-0.030761884125284737
0.038341671575779307
-0.044946234927163257
-0.017382028363960623
-0.038039823583391301
0.004026338499725651
-0.060996309679418902
-0.023692669301765484
-0.005341916121249188
-0.017618846243273627
-0.017552431843525670
0.017390041092385101
-0.057903560644047905
0.043309302356002742
-0.061570627584318284
0.014189026983092344
-0.028951716050826793
-0.008935750203947582
-0.002139645755999138
-0.043989490183027412
0.018701683362495631
-0.104577657592808917
0.087636334194969315
-0.060310200818599821
0.134203909882210398
-0.014401956063478860
-0.048398707440546251
-0.014660653822916234
-0.014106477995135184
-0.024826403498993708
-0.044580643902761702
0.116516505496578299
0.009428054007206751
0.046473129893350097
-0.023091683293467630
0.014396518593746315
-0.027483678308854436
0.021424990333928470
0.012745886035852061
-0.094734857281629573
0.129892341110595333
-0.018064408927158077
0.089780662471930103
0.046841363962500701
