0.153314304369833787
0.089865663452439196
0.028850134959594664
0.033228940873683471
-0.124939704528916937
0.169337758178602665
0.016186552475666634
-0.098566697561208616
-0.040295653300354915
-0.019556401992668639
-0.011828530581128651
-0.042907839998290689
0.156665869939587699
-0.000149901417062405
-0.034332020502451037
-0.001321397218344051
-0.022369253134837896
-0.019087735774500784
-0.057935501166993739
0.035429446448447671
-0.019040060673614089
0.038414805149651982
0.009272659716348089
-0.069924529884286366
-0.020461919251448270
-0.064363312864304384
-0.076174507506686057
-0.046663898625879323
-0.063561836459828852
0.093103320569126416
-0.041121518383746294
-0.011542306038428055
-0.076481653925114135
0.066718152627839131
-0.004836729966010070
-0.071280292885775184
-0.035858174255955187
-0.066964959469436744
-0.079236290139953786
0.040100736477971702
-0.144030164091786012
-0.045179079370080720
0.017609885366715299
0.059213752075960954
-0.006548803971031769
-0.033965220417559734
-0.017817074887660284
-0.069892596306775398
-0.046753778106485733
-0.069160576480169794
-0.110647106312817919
-0.042493927685922361
-0.048808657119960415
-0.009036443824196529
0.002187560627402067
0.052526255743661293
-0.018411876131846954
-0.032107962435379063
-0.015080544963948192
-0.078730862235140461
-0.052316340744374114
-0.016252246382949823
-0.016759186441477326
-0.018356432793925199
0.050218801191954036
-0.144489807830392197
0.039065003351844096
-0.048099309696125594
-0.030657014576835891
-0.036326292221522886
-0.055117185790881110
-0.023039800570686549
-0.058656191679974316
-0.003912766729933632
-0.028064623501643234
0.008436635591425145
0.138105980445597715
0.096198084616058679
0.011705421062870437
-0.067390734766118593
0.009405577282431372
0.008850017522041368
-0.018590328247589914
0.014864461859903644
0.079008874172655369
0.050118436352811255
-0.003909548072030755
0.063146141951436849
-0.042789504155834629
0.006195267082429162
-0.003934239975896727
0.002018083720855455
0.151320404265182812
-0.035400154421824176
0.140778834241391676
0.024221756544233281
0.111416430140348147
